19
635.6646661665416 -30.088137659414855
641.1672918229558 -36.50786759189799
648.5041260315079 -38.95347899474868
656.1466616654163 -32.53374906226557
656.4523630907727 -22.44560202550639
645.7528132033008 -23.974109152288094
640.5558889722431 -31.922346211552906
639.0273818454614 -42.316194673668406
645.1414103525881 -53.01574456114028
653.3953488372094 -50.570133158289565
662.5663915978996 -41.70479182295574
674.794448612153 -26.114019129782463
679.0742685671419 -19.082886346586662
679.9913728432109 -23.057004876219054
679.9913728432109 -34.67365903975994
679.9913728432109 -46.290313203300826
687.328207051763 -39.259180420105025
695.8878469617405 -26.725421980495128
703.2246811702926 -17.554379219804957
