33
181.08664666166544 -47.513118904726184
189.34058514628657 -53.93284883720929
200.04013503375847 -53.627147411852974
200.65153788447117 -39.87058327081772
193.62040510127537 -40.17628469617404
190.8690922730683 -46.90171605401349
189.03488372093028 -59.741175918979735
196.37171792948237 -67.07801012753188
207.68267066766697 -64.63239872468117
212.8795948987247 -57.29556451612902
218.07651912978247 -43.539000375093764
218.07651912978247 -51.79293885971492
218.07651912978247 -60.96398162040509
220.52213053263318 -68.9122186796699
224.49624906226558 -60.96398162040509
230.30457614403605 -47.513118904726184
239.78132033008256 -28.865331957989497
248.6466616654164 -16.942976369092293
249.25806451612908 -26.725421980495128
245.28394598649663 -42.62189609902475
246.20105026256567 -53.93284883720929
252.0093773443361 -61.26968304576144
261.18042010502626 -56.684161665416354
266.6830457614404 -47.81882033008253
268.82295573893475 -38.03637471867967
266.98874718679673 -48.430223180795196
267.6001500375094 -59.741175918979735
274.01987996999253 -64.63239872468117
284.10802700675174 -60.04687734433608
289.30495123780946 -48.73592460615154
292.6676669167292 -32.83945048762192
290.8334583645912 -48.430223180795196
293.2790697674419 -60.35257876969243
