17
69.81132783195801 -23.974109152288094
56.971867966991766 -11.746052138034514
60.94598649662419 -30.088137659414855
64.92010502625658 -47.513118904726184
64.61440360090023 -65.85520442610652
59.111777944486136 -80.83457426856714
48.71792948237061 -79.30606714178543
39.24118529632409 -69.82932295573892
27.93023255813955 -53.01574456114028
18.75918979744938 -38.03637471867967
9.282445611402864 -21.22279632408103
9.282445611402864 -40.78768754688673
9.893848462115557 -60.04687734433608
7.448237059264841 -77.16615716429106
4.696924231057778 -59.741175918979735
4.696924231057778 -40.78768754688673
6.5311327831958295 -24.58551200300076
