17
600.2033008252063 -30.3938390847712
603.5660165041261 -26.41972055513878
606.0116279069769 -30.699540510127548
608.151537884471 -42.316194673668406
609.0686421605401 -64.32669729932482
607.8458364591147 -75.63765003750936
605.0945236309078 -86.33719992498123
600.814703675919 -93.9797355588897
594.7006751687923 -95.5082426856714
591.0322580645161 -86.9486027756939
590.7265566391598 -78.38896286571642
592.8664666166542 -65.54950300075018
598.0633908477121 -45.98461177794448
607.2344336084022 -26.41972055513878
619.4624906226557 -22.44560202550639
622.8252063015755 -34.97936046511629
609.6800450112528 -51.79293885971492
