18
533.8660915228807 -25.50261627906977
542.120030007502 -37.424971867967
550.3739684921231 -45.67891035258816
551.9024756189049 -53.32144598649663
544.2599399849962 -55.76705738934734
538.1459114778695 -51.18153600900226
544.2599399849962 -45.373208927231815
554.0423855963991 -41.399090397599394
561.9906226556639 -37.119270442610656
566.8818454613654 -33.75655476369093
567.4932483120781 -28.55963053263318
569.0217554388598 -37.119270442610656
572.9958739684921 -44.76180607651912
579.4156039009754 -47.513118904726184
584.9182295573894 -45.373208927231815
586.7524381095275 -36.81356901725431
587.3638409602402 -30.088137659414855
585.2239309827457 -24.58551200300076
